98.64899974019225
98.64899974019225
98.64899974019225
98.64899974019225
98.64899974019225
98.64899974019225
98.64899974019225
98.64899974019225
98.64899974019225
98.64899974019225
98.64899974019225
98.64899974019225
98.64899974019225
98.64899974019225
98.64899974019225
98.64899974019225
98.64899974019225
98.64899974019225
98.64899974019225
98.64899974019225
98.64899974019225
98.64899974019225
98.64899974019225
98.64899974019225
98.64899974019225
98.64899974019225
98.64899974019225
98.64899974019225
98.64899974019225
98.64899974019225
98.64899974019225
98.64899974019225
98.64899974019225
98.64033948211657
98.64033948211657
98.63167922404088
98.65765999826795
98.64899974019225
98.6056984498138
98.57105741751104
98.53641638520828
98.19000606218066
97.65307006148784
97.50584567420108
95.75647354291158
95.20221702606739
94.7172425738287
92.09318437689443
91.49562656967177
91.01931237550879
89.17467740538669
84.43751623798389
76.48739932449988
54.8627349095003
27.08928726076037
13.87373343725643
7.101411622066338
1.5501861955486274
0.7188014202823244
0.0779423226812159
